0 0.0894001878253064 0.05988969464393832 0.08876460298163966 0.004614879006750574 -0.000005936940287090068 0.005635618905890664 0.0006296479033796517 0.06091043454307841
0 0.3200853570372856 0.12695075766937727 0.14928778172045135 0.08694642164560748 0.13373813556029937 0.1533352715845399 0.30453571087713366 0.19333960760830968
0 0.388388028503007 0.28990772467058823 0.31723665758692904 0.16304498487139707 0.2484319827653346 0.2016343054768047 0.3195833536814126 0.3284970452759959
0 0.4965718363352288 0.21683695421426058 0.36153133715408076 0.17850095435242705 0.3422177339608216 0.24653409880161914 0.4772582331419696 0.2848700986634527
0 0.6281938279706079 0.29221791688210147 0.4430092435062168 0.28435351624561767 0.44012337154215386 0.3523077094746874 0.6253079560065449 0.36017211011117123
0 0.5538424641846129 0.4791248171194781 0.534968773499044 0.3577349973498384 0.4661394259599005 0.3684365851601551 0.48501311664546937 0.4898264049297948
0 0.3349916109304961 0.4373074317202576 0.3178837501056005 0.3716569253578069 0.12577933443112468 0.4217174014958335 0.1428871952560203 0.48736790785828427
0 0.7150407892182696 0.07150362956957594 0.7131370969502892 0.0051141835813057895 0.5450016279256047 0.009935404599057628 0.5469053201935852 0.07632485058732778
0 0.8095213921803198 0.2150155609313979 0.800566283468895 0.14702160366556236 0.6236582297553152 0.170321186696711 0.6326133384667401 0.23831514396254655
0 0.2021296642152548 0.5300162420772161 0.17039792372135892 0.45599903198094827 0.09149729274863123 0.48982433211823995 0.1232290332425271 0.5638415422145078
0 0.13524354513672812 0.5890908242576608 0.10277583453150449 0.5345834336667943 0.03901251964400605 0.5725645006845934 0.07148023024922967 0.6270718912754598
0 0.49481523367269126 0.5895937472017684 0.4322192834419981 0.562100193747318 0.3849913888332751 0.6696263069260249 0.44758733906396825 0.6971198603804751
0 0.3983572323109309 0.6913642609373026 0.39598004792879254 0.6211801878521149 0.19326751320572744 0.6280462053176794 0.1956446975878658 0.698230278402867
0 0.11773576395867465 0.6297883632668259 0.0008821515625000665 0.5920329140625 -0.020211755218566264 0.6573188332837538 0.09664185717760831 0.6950742824880797
0 0.5884433228547187 0.6117455468519144 0.5303956520967349 0.5694959715533832 0.4351117533851685 0.7004087284714007 0.4931594241431524 0.7426583037699318
0 0.23373765566705162 0.7161317913881666 0.21132386092461436 0.6506248087351584 0.08648772715195926 0.693338598403064 0.10890152189439653 0.7588455810560721
0 0.1688177499849795 0.7310302042984376 0.015097197389724658 0.675324690557462 -0.0035193103221043743 0.726697340420507 0.15020124227315046 0.7824028541614826
0 0.054742752671965746 0.7761741363551496 9.575673587391976e-17 0.7756063984374999 -0.0006638804430004752 0.8396194610939309 0.054078872228965166 0.8401871990115805
0 0.3269247853730074 0.7983937359277917 0.2678216275046609 0.7522040041815814 0.1857651207142724 0.8572013378228466 0.24486827858261898 0.9033910695690569
0 0.28009452471989793 0.9452671578682592 0.26447403060090213 0.8753563537277567 0.1383821614745725 0.9035296428832155 0.15400265559356835 0.973440447023718
0 0.5604138454012187 0.7444972000998885 0.3909855202504575 0.715312181150518 0.37909632213594324 0.7843327607644021 0.5485246472867045 0.8135177797137725
0 0.6037206349297295 0.8674878425562074 0.6025441856391501 0.7999204652946798 0.4427743847685425 0.8027022969493659 0.44395083405912183 0.8702696742108935
0 0.5336273504372484 0.9093377978419118 0.3813292283977134 0.9017770632764133 0.3777185736227896 0.9745075548431034 0.5300166956623247 0.9820682894086019
0 0.7555365596526722 0.9033881953147219 0.7212599425956642 0.8544851856199353 0.5729902149685363 0.9584089462788572 0.6072668320255443 1.0073119559736439
0 0.7338598875849953 0.7749913525298916 0.5681055772605716 0.7394443123806802 0.5559827141287389 0.795972698686253 0.7217370244531626 0.8315197388354644
0 0.9299255344083065 0.9170609577601644 0.7786214761459193 0.9013957707091833 0.7723626844206245 0.9618470493804356 0.9236667426830116 0.9775122364314166
0 0.8799282875 0.7404062281250001 0.7980698828125001 0.7404062281250001 0.7980698828125001 0.8502390875 0.8799282875 0.8502390875
0 1.0004835620698391 0.6560079643979384 0.8525971591515965 0.6064616218677343 0.8295766709455868 0.6751733979616654 0.9774630738638294 0.7247197404918696
0 1.013488425849835 0.7662601573429308 0.9633969514409209 0.7117209941920686 0.8442715316542468 0.8211316923391854 0.8943630060631609 0.8756708554900475
0 1.005752222577771 0.913305477766493 0.9998230377054724 0.8556788007245778 0.9101113380195438 0.8649092002539331 0.9160405228918425 0.9225358772958483
0 0.9999604078125 0.4654556890625002 0.8684008421874999 0.4654556890625002 0.8684008421874999 0.5386643796875001 0.9999604078125 0.5386643796875001
0 0.9871312305704105 0.3353241213908468 0.9335894783461114 0.28942993469674133 0.8257311499263906 0.415261206837304 0.8792729021506898 0.46115539353140944
0 1.0000145941961969 0.28072534706523744 0.9997456531250002 0.21991021093750004 0.9272233993037101 0.2202309240669967 0.9274923403749067 0.2810460601947341
0 1.000356370481807 0.0062102357195546925 0.9269752103488054 0.005580624952972436 0.9259944508044985 0.11988818923341786 0.9993756109375 0.12051780000000012
0 0.7973970628178558 0.0027191577389924504 0.7211379760516451 -0.000035472676302550354 0.7172969806366492 0.10629850265280508 0.79355606740286 0.10905313306810008