0 0.061254299170347505 0.00161711961713838 0.005706228840117353 -0.00001308041340494781 0.0031129074204521785 0.08835276298585103 0.05866097775068232 0.08998296301639436
0 0.1919642555189043 0.3053176684619751 0.1542415548108272 0.13404419997642875 0.08771102088033611 0.14869744102771437 0.1254337215884132 0.31997090951326074
0 0.3284931759216371 0.32021617387059775 0.20197483144016784 0.24828316982384163 0.1630586862426276 0.3167302801487901 0.2895770307240969 0.38866328419554624
0 0.2843527772721747 0.477585389908236 0.24704939967893322 0.3425101869113868 0.17868553104435075 0.36139006381573674 0.2159889086375922 0.49646526681258585
0 0.36105712142757906 0.6249751258816288 0.35098494625956633 0.43969714062541243 0.2832345283294643 0.44338022297410273 0.2933067034974771 0.6286582082303191
0 0.4888814367512954 0.48249379876128284 0.3664417274641311 0.46873270811571477 0.35864491604654214 0.5381050673221341 0.4810846253337064 0.5518661579677022
0 0.48736790785828427 0.1428871952560204 0.4217174014958334 0.12577933443112474 0.37165692535780676 0.31788375010560055 0.4373074317202576 0.3349916109304962
0 0.07632485058732785 0.5469053201935852 0.009935404599057692 0.5450016279256047 0.005114183581305875 0.7131370969502892 0.07150362956957604 0.7150407892182696
0 0.2383151439625467 0.6326133384667402 0.1703211866967112 0.6236582297553153 0.14702160366556244 0.8005662834688951 0.21501556093139795 0.80952139218032
0 0.5640742650626865 0.12397812800052654 0.49047645303158494 0.0915232899113676 0.45587178848223553 0.16999626179635355 0.5294696005133372 0.20245109988551246
0 0.6270718912754598 0.07148023024922971 0.5725645006845934 0.03901251964400605 0.5345834336667943 0.10277583453150449 0.5890908242576608 0.13524354513672815
0 0.6971198603804749 0.44758733906396814 0.6696263069260248 0.38499138883327505 0.562100193747318 0.43221928344199795 0.5895937472017682 0.4948152336726911
0 0.698230278402867 0.1956446975878659 0.6280462053176794 0.19326751320572752 0.621180187852115 0.3959800479287926 0.6913642609373027 0.39835723231093095
0 0.6937488698157964 0.09774519913710496 0.6585100133206726 -0.019156679237645767 0.5920329140625 0.0008821515624999998 0.6272717705576238 0.11778402993725072
0 0.7426583037699317 0.4931594241431524 0.7004087284714006 0.4351117533851686 0.569495971553383 0.530395652096735 0.6117455468519142 0.5884433228547188
0 0.7588455810560721 0.10890152189439661 0.693338598403064 0.08648772715195936 0.6506248087351584 0.21132386092461447 0.7161317913881666 0.2337376556670517
0 0.7827589413399169 0.14988602694107184 0.7260942234959165 -0.0034242872268554158 0.6749070462672393 0.015494902722209459 0.7315717641112398 0.1688052168901367
0 0.8398979387253117 0.0006667685387363564 0.7756063984374999 9.575673587391976e-17 0.775048439822801 0.05379980708723625 0.8393399801106127 0.0544665756259725
0 0.9033910695690567 0.24486827858261898 0.8572013378228464 0.1857651207142724 0.7522040041815812 0.2678216275046609 0.7983937359277915 0.3269247853730074
0 0.9734404470237177 0.15400265559356838 0.9035296428832151 0.13838216147457255 0.8753563537277562 0.26447403060090213 0.9452671578682589 0.280094524719898
0 0.8100506247201682 0.5507248639263431 0.7874983908957198 0.38034027784871366 0.7177596905798346 0.3895709454363346 0.740311924404283 0.5599555315139639
0 0.8903528354784156 0.4522945254489624 0.8291423989400867 0.43614746967813034 0.7874195086107203 0.5943110610440954 0.848629945149049 0.6104581168149276
0 0.9877912440010815 0.5255091077927432 0.9665962354436763 0.37551012218522895 0.8948355180827049 0.3856499842142368 0.9160305266401101 0.535648969821751
0 1.0073119559736439 0.6072668320255444 0.9584089462788572 0.5729902149685364 0.8544851856199351 0.7212599425956643 0.9033881953147217 0.7555365596526724
0 0.8217969972767574 0.7267214380679292 0.8037525459139874 0.5582896013280821 0.7467424151308169 0.5643972146630303 0.7647868664935868 0.7328290514028772
0 0.9804911459985579 0.9222285238972073 0.9585677578334517 0.7714789083440385 0.8972782639995994 0.7803921872192905 0.9192016521647058 0.9311418027724594
0 0.8502390875 0.7980698828125001 0.7404062281250001 0.7980698828125001 0.7404062281250001 0.8799282875 0.8502390875 0.8799282875
0 0.7250372847675465 0.9770704663464581 0.6744940507990803 0.8294442206370463 0.605943904671587 0.852913936727466 0.6564871386400531 1.0005401824368778
0 0.8756708554900475 0.8943630060631609 0.8211316923391854 0.8442715316542468 0.7117209941920686 0.9633969514409209 0.7662601573429308 1.0134884258498351
0 0.9225358772958483 0.9160405228918427 0.8649092002539331 0.9101113380195439 0.8556788007245778 0.9998230377054724 0.913305477766493 1.005752222577771
0 0.5389506617405766 0.9996771353852913 0.5382185765495029 0.868184868348408 0.46507583570727296 0.8685920916674046 0.46580792089834666 1.000084358704288
0 0.46115539353140933 0.8792729021506899 0.41526120683730383 0.8257311499263909 0.2894299346967411 0.9335894783461118 0.33532412139084655 0.9871312305704109
0 0.2807687765625001 0.927442240625 0.2199102109375001 0.927442240625 0.2199102109375001 1 0.2807687765625001 1
0 0.13190781242145083 0.9853442924820749 0.03606638373296622 0.9075444002823968 -0.006572352382602986 0.9600709176238226 0.08926907630588161 1.0378708098235006
0 0.10762913281250008 0.7208766421874999 0.00006607812500008847 0.7208766421874999 0.00006607812500009311 0.796424521875 0.10762913281250008 0.796424521875