0 0.9953851209932495 0.08876460298163966 0.9943643810941094 -0.000005936940287090686 0.9390895654569217 0.0006296479033796501 0.9401103053560618 0.0894001878253064
0 0.9130535783543927 0.14928778172045148 0.8466647284154604 0.13373813556029948 0.8066603923916904 0.3045357108771337 0.8730492423306228 0.3200853570372857
0 0.8369550151286029 0.31723665758692904 0.7983656945231953 0.2484319827653345 0.6715029547240041 0.3195833536814125 0.7100922753294118 0.388388028503007
0 0.8214990456475728 0.3615313371540808 0.7534659011983809 0.34221773396082183 0.7151299013365477 0.47725823314196986 0.7831630457857397 0.4965718363352288
0 0.7171181584736995 0.443503299122216 0.6492980238056401 0.43956061369788985 0.6385259074242382 0.6248572592631517 0.7063460420922978 0.6287999446874778
0 0.6422650026501614 0.5349687734990441 0.6315634148398448 0.4661394259599005 0.5101735950702052 0.48501311664546937 0.5208751828805219 0.553842464184613
0 0.6283457710256632 0.31788156556573205 0.5782777065173962 0.12577951426999912 0.5126268503850646 0.142890270129635 0.5626949148933319 0.33499232142536794
0 0.997814825378752 0.7111882601482924 0.9871013250945542 0.5444422462356072 0.9199198990751724 0.5487586806130332 0.9306333993593702 0.7155046945257185
0 0.8518712413968398 0.8011814206106569 0.8311747167591529 0.6240758944780512 0.7627835974474894 0.6320680701980399 0.7834801220851763 0.8091735963306455
0 0.5447536087943536 0.16731253384979897 0.5047048800581504 0.09091853647168027 0.43420949595932407 0.12787498084982202 0.47425822469552725 0.2042689782279407
0 0.46566037763641555 0.10126925257466343 0.4257789254491997 0.038776703585869196 0.3721497039840057 0.073001763473973 0.41203115617122155 0.13549431246276725
0 0.43855744075649084 0.4366969307433613 0.3323345773794723 0.3844047193968091 0.3024326033058604 0.4451455682715021 0.4086554666828789 0.49743777961805424
0 0.3811689494623658 0.39530559974942786 0.3700600681249457 0.1923717452486971 0.29970112025108453 0.1962232918764365 0.31081000158850464 0.39915714637716726
0 0.4079670859375 0.0008821515625000442 0.3426811667162464 -0.020211755218566295 0.30492571751192055 0.09664185717760829 0.37021163673317414 0.11773576395867462
0 0.43175109895992847 0.5213072603467042 0.29312094736491845 0.4404901870274765 0.2565702287087043 0.5031877267936439 0.3952003803037143 0.5840048001128716
0 0.3499650520970371 0.21061544025155204 0.3062320589494413 0.08658230958034828 0.24068493948308536 0.10969364855046349 0.28441793263068116 0.23372677922166724
0 0.31674783099371007 0.00913604639426382 0.26281031942974226 -0.00394001514542317 0.224308585839826 0.1548759780675172 0.2782460974037938 0.1679520396072042
0 0.22439360156249996 2.7755575615628914e-17 0.16038053890606896 -0.0006638804430005383 0.15981280098841938 0.054078872228965104 0.22382586364485038 0.05474275267196567
0 0.24747123779532662 0.26909511683909687 0.14409062369523168 0.18512396812040083 0.09661437589070379 0.24357408733506855 0.19999498999079873 0.3275452360537646
0 0.12192250674661702 0.2660134503181389 0.10005855482474617 0.1400383832421794 0.028375220917867795 0.1524795829376269 0.050239172839738666 0.2784546500135864
0 0.2846878188494822 0.39098552025045746 0.2156672392355981 0.3790963221359432 0.18648222028622757 0.5485246472867045 0.2555027999001117 0.5604138454012186
0 0.21130109920217652 0.5952217777617718 0.17229828699670077 0.4363214350812485 0.11092966702604848 0.45138464211810747 0.1499324792315242 0.6102849847986308
0 0.09742651962044288 0.5300771553421362 0.08988297275253451 0.3781252502002425 0.01745910240932893 0.3817206829773382 0.02500264927723731 0.5336725881192319
0 0.13786449228508788 0.7313651809708255 0.05036698999403124 0.5729427423885305 -0.00456621393433494 0.6032826246652478 0.0829312883567217 0.7617050632475427
0 0.26055568761931996 0.5681055772605718 0.20402730131374716 0.5559827141287389 0.16848026116453577 0.7217370244531625 0.2250086474701085 0.7338598875849953
0 0.09860422929081683 0.7786214761459191 0.03815295061956457 0.7723626844206244 0.022487763568583684 0.9236667426830113 0.08293904223983595 0.9299255344083062
0 0.2595937718750001 0.7980698828125 0.1497609125000001 0.7980698828125 0.1497609125000001 0.8799282875 0.2595937718750001 0.8799282875
0 0.39353837813226605 0.8525971591515965 0.324826602038335 0.8295766709455867 0.27528025950813056 0.9774630738638292 0.3439920356020616 1.0004835620698391
0 0.28830552297414885 0.9633426161529641 0.17881464491928956 0.844284080356785 0.12430598718799243 0.8944123702494874 0.23379686524285176 1.0134709060456664
0 0.144461873345978 0.999775935842037 0.13362186621776972 0.9097619884241149 0.07651361416764593 0.9166392988527831 0.0873536212958542 1.006653246270705
0 0.5345443109375002 0.8684008421874999 0.4613356203125002 0.8684008421874999 0.4613356203125002 0.9999604078125 0.5345443109375002 0.9999604078125
0 0.7094226146888805 0.9361151647489315 0.5865941819027375 0.8251536804904974 0.5395799650985073 0.8771959058385477 0.6624083978846501 0.9881573900969816
0 0.7800897890625001 0.9997456531250002 0.7797690759330035 0.9272233993037101 0.718953939805266 0.9274923403749067 0.7192746529347627 1.0000145941961969
0 1.0058236816675443 0.9682614878822811 0.9713935702082246 0.9101496399838126 0.8642340713815212 0.9736395068862462 0.8986641828408409 1.0317513547847148
0 1.0000354726763028 0.7211379760516451 0.893701497347195 0.717296980636649 0.8909468669318998 0.7935560674028599 0.9972808422610078 0.7973970628178559