0 0.9953851209932498 0.9112353970183605 0.940110305356062 0.9105998121746934 0.9390895654569216 0.9993703520966202 0.9943643810941094 1.0000059369402874
0 0.9130535783543927 0.8507122182795486 0.8730492423306229 0.6799146429627145 0.8066603923916903 0.6954642891228665 0.8466647284154603 0.8662618644397007
0 0.8369550151286032 0.6827633424130715 0.7100922753294119 0.6116119714969932 0.6715029547240041 0.6804166463185874 0.7983656945231953 0.7515680172346657
0 0.8214990456475728 0.6384686628459193 0.7831630457857399 0.5034281636647713 0.7151299013365475 0.5227417668580301 0.7534659011983807 0.6577822660391783
0 0.7171181584736995 0.5564967008777841 0.7063460420922978 0.37120005531252226 0.6385259074242382 0.3751427407368484 0.6492980238056401 0.5604393863021102
0 0.6422650026501615 0.4650312265009561 0.5208751828805219 0.4461575358153872 0.5101735950702053 0.5149868833545307 0.6315634148398448 0.5338605740400996
0 0.6283457710256635 0.682118434434268 0.562694914893332 0.665007678574632 0.5126268503850648 0.8571097298703648 0.5782777065173962 0.8742204857300008
0 0.9978148253787522 0.2888117398517078 0.9306333993593702 0.2844953054742817 0.9199198990751718 0.45124131938696666 0.9871013250945537 0.4555577537643929
0 0.85187124139684 0.19881857938934305 0.7834801220851763 0.19082640366935438 0.7627835974474892 0.3679319298019602 0.831174716759153 0.37592410552194894
0 0.5447536087943537 0.8326874661502011 0.47425822469552736 0.7957310217720593 0.4342094959593242 0.8721250191501781 0.5047048800581505 0.9090814635283199
0 0.46566037763641566 0.8987307474253367 0.41203115617122155 0.864505687537233 0.37214970398400576 0.9269982365260272 0.4257789254491999 0.961223296414131
0 0.4385574407564906 0.563303069256639 0.4086554666828789 0.5025622203819461 0.30243260330586036 0.5548544317284981 0.33233457737947214 0.615595280603191
0 0.38116894946236596 0.6046944002505722 0.3108100015885048 0.6008428536228327 0.2997011202510847 0.8037767081235634 0.37006006812494585 0.8076282547513027
0 0.4079670859375 0.9991178484374998 0.37021163673317414 0.8822642360413255 0.3049257175119205 0.9033581428223918 0.34268116671624627 1.020211755218566
0 0.43175109895992836 0.47869273965329595 0.3952003803037141 0.4159951998871286 0.2565702287087042 0.4968122732063563 0.29312094736491845 0.5595098129725237
0 0.34996505209703715 0.789384559748448 0.2844179326306813 0.7662732207783328 0.2406849394830855 0.8903063514495366 0.30623205894944133 0.9134176904196518
0 0.31674783099371007 0.9908639536057364 0.27824609740379375 0.8320479603927959 0.224308585839826 0.8451240219324829 0.2628103194297423 1.0039400151454234
0 0.22439360156250002 1.0000000000000002 0.22382586364485052 0.9452572473280348 0.15981280098841943 0.9459211277710352 0.16038053890606896 1.0006638804430006
0 0.24747123779532662 0.7309048831609031 0.19999498999079882 0.6724547639462355 0.09661437589070392 0.7564259126649315 0.14409062369523173 0.8148760318795991
0 0.12192250674661716 0.7339865496818613 0.05023917283973882 0.7215453499864137 0.028375220917867927 0.847520417062373 0.10005855482474627 0.8599616167578207
0 0.28468781884948213 0.6090144797495427 0.25550279990011165 0.4395861545987814 0.18648222028622757 0.45147535271329564 0.215667239235598 0.6209036778640569
0 0.2113010992021766 0.4047782222382283 0.14993247923152425 0.38971501520136925 0.11092966702604849 0.5486153578818925 0.17229828699670086 0.5636785649187515
0 0.09742651962044298 0.4699228446578639 0.02500264927723738 0.4663274118807682 0.017459102409328985 0.6182793170226619 0.08988297275253458 0.6218747497997575
0 0.13786449228508788 0.26863481902917447 0.08293128835672173 0.23829493675245722 -0.004566213934334917 0.39671737533475204 0.05036698999403124 0.42705725761146934
0 0.2605556876193199 0.4318944227394283 0.22500864747010846 0.26614011241500474 0.16848026116453574 0.27826297554683754 0.2040273013137472 0.4440172858712611
0 0.09860422929081676 0.22137852385408094 0.08293904223983586 0.07007446559169388 0.022487763568583598 0.07633325731698862 0.0381529506195645 0.22763731557937567
0 0.259593771875 0.12007171250000004 0.1497609125 0.12007171250000001 0.14976091250000004 0.2019301171875 0.259593771875 0.2019301171875
0 0.3935383781322661 0.14740284084840366 0.34399203560206165 -0.0004835620698391274 0.27528025950813056 0.0225369261361707 0.324826602038335 0.17042332905441349
0 0.2883055229741488 0.03665738384703585 0.23379686524285156 -0.013470906045666342 0.12430598718799231 0.10558762975051275 0.17881464491928953 0.15571591964321493
0 0.144461873345978 0.0002240641579631525 0.08735362129585425 -0.006653246270704993 0.07651361416764592 0.08336070114721686 0.13362186621776967 0.09023801157588501
0 0.5345443109375 0.000039592187500064076 0.46133562031249997 0.000039592187500059597 0.46133562031249997 0.13159915781250003 0.5345443109375 0.13159915781250003
0 0.7094226146888802 0.06388483525106885 0.6624083978846499 0.011842609903018619 0.5395799650985071 0.12280409416145269 0.5865941819027375 0.1748463195095029
0 0.7800897890625001 0.000254346875000086 0.7192746529347626 -0.000014594196196565656 0.7189539398052659 0.07250765962509348 0.7797690759330035 0.07277660069629013
0 1.0058236816675443 0.0317385121177189 0.8986641828408407 -0.0317513547847144 0.8642340713815212 0.026360493113754258 0.9713935702082248 0.08985036001618756
0 1.0000354726763026 0.27886202394835485 0.9972808422610075 0.2026029371821442 0.8909468669318997 0.2064439325971402 0.8937014973471948 0.28270301936335085