0 0.9990091015625 0.0030530390625001236 0.9449199569467867 0.002222142115437015 0.9440596163217867 0.058227990552937 0.9981487609374999 0.059058887500000115
0 0.9826500948491603 0.1519217735858034 0.8912697322913063 0.07700433046085409 0.8477250146503588 0.1301178901277619 0.9391053772082125 0.2050353332527112
0 0.9985973437499999 0.2547412484375 0.9982860140624998 0.19625145781249997 0.9833808998745333 0.19633079481290133 0.9836922295620333 0.25482058543790137
0 1.0183428874907463 0.28729906832285335 0.9414846970272542 0.21416157595732374 0.8984359197900333 0.2594003585995101 0.9752941102535255 0.33253785096503974
0 0.6819428197193085 0.4259929613089809 0.6305729010101433 0.377829271032322 0.5204486274572522 0.49528445247342157 0.5718185461664174 0.5434481427500805
0 0.8532510874381227 0.5705785399597335 0.831122566300959 0.3892315005998571 0.7621319597927618 0.39764994569701023 0.7842604809299254 0.5789969850568866
0 0.5571386447648365 0.240285708703626 0.48974043748819174 0.0957042312137214 0.43129976570338807 0.12294697750958487 0.49869797298003293 0.26752845499948946
0 0.5846004726938598 0.4413182554892983 0.5835624550876359 0.3608912641797638 0.43835932514304893 0.36276530426142295 0.4393973427492729 0.44319229557095746
0 0.5156037606132237 0.3389184509014712 0.4177494457683224 0.23571863593241202 0.3665581472885264 0.2842583493055719 0.4644124621334277 0.3874581642746311
0 0.45170537775974096 0.141936998215706 0.4001221446862139 0.10621816984884018 0.3114347540856367 0.23429578463074768 0.3630179871591638 0.2700146129976135
0 0.35824136695942765 0.1637249134645034 0.27541912286822434 0.0636876519838944 0.22365302862298914 0.10654552343870383 0.3064752727141925 0.20658278491931287
0 0.24658955825854184 0.06115728330096443 0.11705149206193881 -0.01195535132063823 0.07616848334402393 0.06047954200562102 0.20570654954062695 0.1335921766272237
0 0.40570931327053905 0.3313478682455754 0.34390141747239616 0.29970790358635807 0.2768794183080991 0.43063373694765755 0.338687314106242 0.46227370160687486
0 0.35891481007582904 0.2817394557920432 0.31795827067758403 0.21790479856656986 0.2614920610841581 0.2541337161859448 0.30244860048240313 0.31796837341141815
0 0.28474611468884603 0.29482541662035794 0.2337600206816143 0.1182124393835493 0.16351680586628695 0.13849083120943623 0.21450289987351864 0.31510380844624486
0 0.2899567070384349 0.35830483926465195 0.2217192037161005 0.35102806204372233 0.20760718343973683 0.4833626108771673 0.2758446867620713 0.49063938809809693
0 0.2350599190418401 0.3839777097876744 0.14440825169746835 0.25879719731563516 0.09073093865991391 0.2976685665833314 0.18138260600428566 0.42284907905537067
0 0.13970967222997516 0.2053276468405167 0.108743338434566 0.05765557805128272 0.051010158086056225 0.06976203087205371 0.08197649188146536 0.2174340996612877
0 0.13930719104155784 0.24701049109610115 0.04587835573352165 0.16784373977205286 0.0045323127940884115 0.21663837352701756 0.09796114810212461 0.29580512485106586
0 0.12886835133891644 0.37932869653256346 0.044843268026120355 0.2406669494290649 -0.011350836135164234 0.274718981676398 0.07267424717763186 0.4133807287798966
0 0.26446705398254017 0.7700800787022064 0.22964619653053617 0.6272936145779177 0.17623105515765686 0.6403197864558393 0.21105191260966089 0.7831062505801281
0 0.3299720472189677 0.8029436297036124 0.28865836669563 0.7442459121469353 0.174665049170354 0.824478733763675 0.21597872969369175 0.883176451320352
0 0.3540322199557781 0.9374952613809185 0.338397397219503 0.8430981872357023 0.18869139083638967 0.8678937319445874 0.20432621357266473 0.9622908060898036
0 1.0124156924015881 0.629844801575099 0.9744466089640913 0.4256208237248341 0.899624337071735 0.43953169312601137 0.9375934205092319 0.6437556709762763
0 0.9028458198740157 0.5664462122846223 0.8285763575763259 0.562988125123231 0.8232618374318138 0.677128265345826 0.8975312997295035 0.6805863525072173
0 0.9345067908396485 0.759190184038043 0.8611871118046743 0.7027378942212053 0.7465227845538014 0.8516627951963949 0.8198424635887755 0.9081150850132327
0 0.8311931603545493 0.5837919002921295 0.7671888889511556 0.5646377390486611 0.7248521617617808 0.7061073311084135 0.7888564331651745 0.7252614923518819
0 0.7729398191690743 0.7298441755051485 0.7130875699061701 0.7185195969380083 0.6856273938994282 0.863651116792331 0.7454796431623324 0.8749756953594711
0 0.7670045874627155 0.8889783392644679 0.702159706974021 0.8527410516577245 0.6306585830863286 0.9806888683823388 0.695503463575023 1.0169261559890823
0 0.7372264569590568 0.7628882108175107 0.6621829715708458 0.5701229833318686 0.5826153923848445 0.6010986346145396 0.6576588777730554 0.7938638621001818