0 0.9974397345065105 0.055168539472096066 0.9969469609375 0.0009908984374999985 0.9409379207968962 0.0015003295253045515 0.9414306943659068 0.05567797055990061
0 0.9229956695391461 0.10873026770869351 0.8480782264141968 0.01734990515083954 0.7949646667472889 0.060894622791787124 0.8698821098722384 0.1522749853496411
0 0.8037485421874997 0.0017139859375000903 0.7452587515624999 0.0014026562500000905 0.7451794145620985 0.016307770437966624 0.8036692051870984 0.016619100125466624
0 0.7858384240426762 0.05851530297274543 0.7127009316771463 -0.018342887490746352 0.6674621490349602 0.02470588974647465 0.7405996414004902 0.10156408020996643
0 0.6221005716002526 0.369299066145945 0.5738656666206012 0.31798674089455775 0.45655986111326996 0.4282572140116304 0.5047947660929213 0.47956953926301765
0 0.6108208922525633 0.16907822861092345 0.4295163614310522 0.14662954430585512 0.42096847907551893 0.2156656525662191 0.60227300989703 0.2381143368712874
0 0.9042957687862787 0.5102595625118083 0.759714291296374 0.4428613552351634 0.7324715450005105 0.5013020270199672 0.8770530224904152 0.568700234296612
0 0.6391087358202363 0.4164375449123643 0.5586817445107017 0.4153995273061402 0.5568077044290426 0.5606026572507271 0.6372346957385772 0.5616406748569511
0 0.7642813640675881 0.5822505542316774 0.661081549098529 0.4843962393867762 0.612541835725369 0.5355875378665721 0.7157416506944282 0.6334418527114734
0 0.8938202605730934 0.6004055676640844 0.8584175699719158 0.5484685982934732 0.7296743126173606 0.6362260813030648 0.7650770032185383 0.688163050673676
0 0.9363123480161057 0.7245808771317759 0.8362750865354966 0.6417586330405722 0.7934172150806872 0.6935247272858074 0.8934544765612964 0.776346971377011
0 1.011955351320638 0.8829485079380616 0.9388427166990357 0.7534104417414582 0.8664078233727762 0.7942934504593728 0.9395204579943786 0.9238315166559762
0 0.6964971144081386 0.6417419836404257 0.6560673504586412 0.5860408764638074 0.5366571170960965 0.6727128977702099 0.5770868810455939 0.7284140049468282
0 0.7820952014334303 0.6820417293224161 0.7182605442079572 0.6410851899241711 0.6820316265885821 0.697551399517597 0.7458662838140552 0.7385079389158421
0 0.8817875606164509 0.7662399793183855 0.705174583379642 0.7152538853111542 0.6848961915537553 0.7854971001264819 0.8615091687905642 0.836483194133713
0 0.6490809540897148 0.7779776947554475 0.6414585614651503 0.7096704659105064 0.5092529900181988 0.7244232642565074 0.5168753826427632 0.7927304931014486
0 0.7412028026843649 0.8555917483025318 0.6160222902123259 0.7649400809581601 0.5771509209446295 0.8186173939957145 0.7023314334166686 0.9092690613400863
0 0.9423444219487174 0.891256661565434 0.7946723531594835 0.8602903277700248 0.7825659003387123 0.9180235081185346 0.9302379691279462 0.9489898419139438
0 0.8321562602279471 0.9541216442664785 0.7529895089038989 0.8606928089584421 0.7041948751489342 0.9020388518978754 0.7833616264729824 0.9954676872059117
0 0.7593330505709351 0.9551567319738801 0.6206713034674365 0.8711316486610837 0.5866192712201033 0.9273257528223684 0.7252810183236019 1.0113508361351649
0 0.3727063854220824 0.770353803469464 0.22991992129779373 0.7355329460174597 0.216893749419872 0.788948087390339 0.3596802135441607 0.8237689448423433
0 0.24926002944779077 0.7032329872610392 0.1857411643707668 0.6691764232162167 0.11999037176158844 0.7918081637216048 0.18350923683861242 0.8258647277664272
0 0.15746900392614419 0.6621964903206516 0.06313777225194217 0.645449835447646 0.036584320391181424 0.7950211879489004 0.13091555206538344 0.8117678428219062
0 0.5743791762751659 0.025553391035909166 0.37015519842490097 -0.012415692401587974 0.35624432902372366 0.06240657949076807 0.5604683068739886 0.1003756629282652
0 0.4392262066465279 0.16839002226665636 0.43224782147428636 0.09535035873264205 0.31716656709249813 0.10634549863778191 0.32414495226473966 0.1793851621717962
0 0.29834405633690453 0.14427144656700203 0.24622699769926984 0.06827949834409676 0.09168844136249396 0.17426566123012105 0.14380550000012865 0.25025760945302633
0 0.4357475795383845 0.22869812278656826 0.4131774542430936 0.16564410448945233 0.2747497125183062 0.2151941817002418 0.29731983781359717 0.2782481999973577
0 0.28146728228135326 0.28695046818089437 0.27017253629485116 0.22708768167568488 0.12503049781085357 0.2544726824807711 0.13632524379735567 0.3143354689859806
0 0.14624279726466413 0.2874161459130815 0.10295318165223784 0.22721517264084928 -0.017434514903575792 0.31378415691290956 0.02585510070885051 0.37398513018514173
0 0.42987701666813133 0.3378170284291546 0.23711178918248957 0.26277354304094314 0.20613613789981833 0.3423411222269443 0.39890136538546017 0.4173846076151557