0 0.05905888749999999 0.0018512390625000069 0.0030530390625 0.0009908984375000005 0.002222142115436888 0.05508004305321325 0.058227990552936884 0.05594038367821326
0 0.20277373363593082 0.05616835753648373 0.14668824907508818 0.016182993143793078 0.07812357896592866 0.11235525029920093 0.13420906352677128 0.15234061469189158
0 0.2547412484375 0.001402656250000031 0.1962547720123706 0.001091344203336133 0.19617378018828796 0.01630735161647228 0.2546602566134174 0.01661866366313618
0 0.33205616364434654 0.02398192306547977 0.2865012802360697 -0.018321374744930497 0.21438646074689033 0.05933645251387147 0.25994134415516723 0.10163975032428174
0 0.5434481427500805 0.4281814538335825 0.4259929613089808 0.3180571802806915 0.377829271032322 0.36942709898985676 0.49528445247342157 0.47955137254274777
0 0.5789096346716922 0.21627607792801914 0.5714679414835743 0.14764558554660798 0.38965211419934925 0.16736011121070654 0.3970938073874672 0.2359906035921177
0 0.2657721368641997 0.4942751008731447 0.2362427916879763 0.43952405735097655 0.09567178644821953 0.5153394111499009 0.1252011316244429 0.5700904546720691
0 0.4426928306274422 0.4167584634195943 0.36277011944098086 0.4157269542210291 0.3608999130246102 0.5606330466558506 0.44082262421107155 0.5616645558544158
0 0.38713126637386186 0.5309058394256927 0.3359375598972649 0.4823638427841258 0.23743074514779847 0.5862518018531686 0.2886244516243954 0.6347937984947354
0 0.2700146129976135 0.6369820128408362 0.141936998215706 0.5482946222402592 0.10621816984884021 0.5998778553137862 0.2342957846307477 0.6885652459143633
0 0.20625577448810534 0.6924058972469911 0.1630643673678546 0.6413336555844124 0.06376564076906424 0.725309834961581 0.10695704788931497 0.7763820766241597
0 0.13388045239807184 0.7953032321459201 0.06159795201352645 0.7532362049142052 -0.013044893704376337 0.8814927488004398 0.059237606680169065 0.9235597760321548
0 0.462273701606875 0.6613126858937581 0.3313478682455755 0.5942906867294611 0.29970790358635807 0.656098582527604 0.43063373694765755 0.7231205816919011
0 0.31783218949122094 0.6942286544876968 0.2777895800753461 0.6393887784454326 0.21760371283653135 0.683334887520191 0.25764632225240625 0.7381747635624551
0 0.31456359013182505 0.7875433687001788 0.29605908615430454 0.7167986041462951 0.11840548098559153 0.7632669451492738 0.13690998496311205 0.8340117097031575
0 0.49063938809809693 0.7241553132379285 0.3583048392646519 0.7100432929615652 0.3510280620437224 0.7782807962838997 0.4833626108771674 0.7923928165602631
0 0.42299252036492013 0.8197460505492253 0.3849409072229012 0.7654964321388322 0.2586333301266252 0.8540907338390713 0.29668494326864414 0.9083403522494644
0 0.21763461381072494 0.9149551484683661 0.20379448898044233 0.8576148692962858 0.057073448179463804 0.8930286752496979 0.07091357300974639 0.9503689544217782
0 0.2926204928570945 0.8958713032011263 0.23947412629714218 0.8605392806621746 0.17143931327828077 0.9628771275134836 0.22458567983823313 0.9982091500524352
0 0.41336671903673283 0.9281229440056877 0.3797334187754133 0.8712339479005369 0.2402949348902342 0.9536712682537567 0.2739282351515537 1.0105602643589076
0 0.782791838974796 0.790387846888404 0.7707972873561891 0.7365648412464397 0.6275284695207366 0.7684925496746048 0.6395230211393435 0.8223155553165691
0 0.883176451320352 0.7840212703063083 0.8029436297036124 0.6700279527810322 0.7442459121469354 0.71134163330437 0.8244787337636751 0.8253349508296459
0 0.9622908060898038 0.7956737864273351 0.9374952613809187 0.6459677800442218 0.8430981872357025 0.6616026027804969 0.8678937319445875 0.8113086091636103
0 0.6438961706584452 0.060469413313323186 0.629044394172225 -0.013580615543627416 0.42528839439668803 0.027285520676771192 0.44014017088290813 0.10133554953372179
0 0.6805863525072176 0.10246870027049707 0.5664462122846226 0.09715418012598424 0.5629881251232308 0.17142364242367386 0.6771282653458258 0.1767381625681867
0 0.9082955183951077 0.17367542433341102 0.7532482879105257 0.06859086884515046 0.7014820930381344 0.14496941096674787 0.8565293235227163 0.25005396645500844
0 0.7252614923518816 0.21114356683482596 0.5837919002921296 0.16880683964545085 0.5646377390486611 0.2328111110488445 0.7061073311084132 0.27514783823821964
0 0.8749756953594708 0.2545203568376679 0.7298441755051484 0.22706018083092597 0.7185195969380083 0.28691243009383005 0.8636511167923306 0.314372606100572
0 1.0169261559890823 0.304496536424977 0.8889783392644679 0.23299541253728456 0.8527410516577245 0.2978402930259791 0.9806888683823388 0.3693414169136715
0 0.7925466854963055 0.35256956396632005 0.7692738489713431 0.26986260720977223 0.5697030827003227 0.32601964648106935 0.592975919225285 0.40872660323761717